0 0
0 1
0 2
0 7
0 9
0 12
0 15
0 16
0 17
0 18
0 19
0 22
0 24
0 28
0 31
0 38
1 0
1 1
1 4
1 6
1 7
1 8
1 9
1 13
1 16
1 18
1 19
1 24
2 0
2 2
2 9
2 11
2 12
2 15
2 16
2 17
2 18
2 19
2 22
2 24
2 27
2 28
2 30
2 31
2 38
2 44
3 3
3 4
3 5
3 6
3 8
3 10
3 13
4 1
4 3
4 4
4 5
4 6
4 7
4 8
4 10
4 13
5 3
5 4
5 5
5 6
5 8
5 10
5 13
6 1
6 3
6 4
6 5
6 6
6 7
6 8
6 10
6 13
7 0
7 1
7 4
7 6
7 7
7 8
7 9
7 10
7 13
8 1
8 3
8 4
8 5
8 6
8 7
8 8
8 10
8 13
9 0
9 1
9 2
9 7
9 9
9 12
9 16
9 17
9 18
9 19
9 24
9 28
9 31
10 3
10 4
10 5
10 6
10 7
10 8
10 10
10 13
11 2
11 11
11 14
11 15
11 17
11 20
11 21
11 22
11 23
11 25
11 26
11 27
11 29
11 30
11 33
11 34
11 35
11 38
11 39
11 40
11 41
11 42
11 44
11 46
12 0
12 2
12 9
12 12
12 15
12 16
12 17
12 18
12 19
12 22
12 24
12 27
12 28
12 30
12 31
12 38
13 1
13 3
13 4
13 5
13 6
13 7
13 8
13 10
13 13
14 11
14 14
14 20
14 21
14 22
14 23
14 25
14 26
14 27
14 29
14 30
14 32
14 33
14 34
14 35
14 36
14 38
14 39
14 40
14 41
14 42
14 43
14 44
14 46
15 0
15 2
15 11
15 12
15 15
15 16
15 17
15 18
15 19
15 20
15 22
15 24
15 27
15 28
15 30
15 31
15 33
15 38
15 44
15 46
16 0
16 1
16 2
16 9
16 12
16 15
16 16
16 17
16 18
16 19
16 22
16 24
16 27
16 28
16 30
16 31
16 38
17 0
17 2
17 9
17 11
17 12
17 15
17 16
17 17
17 18
17 19
17 22
17 24
17 27
17 28
17 30
17 31
17 38
17 44
18 0
18 1
18 2
18 9
18 12
18 15
18 16
18 17
18 18
18 19
18 22
18 24
18 27
18 28
18 30
18 31
18 38
19 0
19 1
19 2
19 9
19 12
19 15
19 16
19 17
19 18
19 19
19 22
19 24
19 28
19 31
19 38
20 11
20 14
20 15
20 20
20 21
20 22
20 23
20 25
20 26
20 27
20 29
20 30
20 33
20 34
20 35
20 38
20 39
20 40
20 41
20 42
20 44
20 46
21 11
21 14
21 20
21 21
21 23
21 25
21 26
21 29
21 32
21 33
21 34
21 35
21 36
21 37
21 39
21 40
21 41
21 42
21 43
21 44
21 45
21 46
21 47
21 48
22 0
22 2
22 11
22 12
22 14
22 15
22 16
22 17
22 18
22 19
22 20
22 22
22 24
22 27
22 28
22 30
22 31
22 33
22 38
22 44
22 46
23 11
23 14
23 20
23 21
23 23
23 25
23 26
23 29
23 32
23 33
23 34
23 35
23 36
23 37
23 39
23 40
23 41
23 42
23 43
23 44
23 46
23 48
24 0
24 1
24 2
24 9
24 12
24 15
24 16
24 17
24 18
24 19
24 22
24 24
24 27
24 28
24 30
24 31
24 38
25 11
25 14
25 20
25 21
25 23
25 25
25 26
25 27
25 29
25 30
25 32
25 33
25 34
25 35
25 36
25 37
25 39
25 40
25 41
25 42
25 43
25 44
25 46
26 11
26 14
26 20
26 21
26 23
26 25
26 26
26 27
26 29
26 32
26 33
26 34
26 35
26 36
26 37
26 39
26 40
26 41
26 42
26 43
26 44
26 46
26 48
27 2
27 11
27 12
27 14
27 15
27 16
27 17
27 18
27 20
27 22
27 24
27 25
27 26
27 27
27 28
27 30
27 31
27 33
27 34
27 35
27 38
27 41
27 42
27 44
27 46
28 0
28 2
28 9
28 12
28 15
28 16
28 17
28 18
28 19
28 22
28 24
28 27
28 28
28 30
28 31
28 38
29 11
29 14
29 20
29 21
29 23
29 25
29 26
29 29
29 32
29 33
29 34
29 35
29 36
29 37
29 39
29 40
29 41
29 42
29 43
29 44
29 46
29 48
30 2
30 11
30 12
30 14
30 15
30 16
30 17
30 18
30 20
30 22
30 24
30 25
30 27
30 28
30 30
30 31
30 33
30 34
30 35
30 38
30 42
30 44
30 46
31 0
31 2
31 9
31 12
31 15
31 16
31 17
31 18
31 19
31 22
31 24
31 27
31 28
31 30
31 31
31 38
32 14
32 21
32 23
32 25
32 26
32 29
32 32
32 34
32 35
32 36
32 37
32 39
32 40
32 41
32 42
32 43
32 45
32 47
32 48
33 11
33 14
33 15
33 20
33 21
33 22
33 23
33 25
33 26
33 27
33 29
33 30
33 33
33 34
33 35
33 38
33 39
33 40
33 41
33 42
33 44
33 46
34 11
34 14
34 20
34 21
34 23
34 25
34 26
34 27
34 29
34 30
34 32
34 33
34 34
34 35
34 36
34 37
34 39
34 40
34 41
34 42
34 43
34 44
34 46
34 48
35 11
35 14
35 20
35 21
35 23
35 25
35 26
35 27
35 29
35 30
35 32
35 33
35 34
35 35
35 36
35 37
35 39
35 40
35 41
35 42
35 43
35 44
35 46
35 48
36 14
36 21
36 23
36 25
36 26
36 29
36 32
36 34
36 35
36 36
36 37
36 39
36 40
36 41
36 42
36 43
36 45
36 47
36 48
37 21
37 23
37 25
37 26
37 29
37 32
37 34
37 35
37 36
37 37
37 39
37 40
37 41
37 42
37 43
37 45
37 47
37 48
38 0
38 2
38 11
38 12
38 14
38 15
38 16
38 17
38 18
38 19
38 20
38 22
38 24
38 27
38 28
38 30
38 31
38 33
38 38
38 44
38 46
39 11
39 14
39 20
39 21
39 23
39 25
39 26
39 29
39 32
39 33
39 34
39 35
39 36
39 37
39 39
39 40
39 41
39 42
39 43
39 44
39 45
39 46
39 47
39 48
40 11
40 14
40 20
40 21
40 23
40 25
40 26
40 29
40 32
40 33
40 34
40 35
40 36
40 37
40 39
40 40
40 41
40 42
40 43
40 44
40 46
40 48
41 11
41 14
41 20
41 21
41 23
41 25
41 26
41 27
41 29
41 32
41 33
41 34
41 35
41 36
41 37
41 39
41 40
41 41
41 42
41 43
41 44
41 46
41 48
42 11
42 14
42 20
42 21
42 23
42 25
42 26
42 27
42 29
42 30
42 32
42 33
42 34
42 35
42 36
42 37
42 39
42 40
42 41
42 42
42 43
42 44
42 46
43 14
43 21
43 23
43 25
43 26
43 29
43 32
43 34
43 35
43 36
43 37
43 39
43 40
43 41
43 42
43 43
43 45
43 47
43 48
44 2
44 11
44 14
44 15
44 17
44 20
44 21
44 22
44 23
44 25
44 26
44 27
44 29
44 30
44 33
44 34
44 35
44 38
44 39
44 40
44 41
44 42
44 44
44 46
45 21
45 32
45 36
45 37
45 39
45 43
45 45
45 47
45 48
45 49
46 11
46 14
46 15
46 20
46 21
46 22
46 23
46 25
46 26
46 27
46 29
46 30
46 33
46 34
46 35
46 38
46 39
46 40
46 41
46 42
46 44
46 46
47 21
47 32
47 36
47 37
47 39
47 43
47 45
47 47
47 48
47 49
48 21
48 23
48 26
48 29
48 32
48 34
48 35
48 36
48 37
48 39
48 40
48 41
48 43
48 45
48 47
48 48
49 45
49 47
49 49
